10, 10, 42, 2
OBS(0, 6, 5)
OBS(0, 1, 3)
OBS(0, 3, 3)
OBS(1, 4, 5)
OBS(0, 8, 2)
OBS(1, 8, 5)
OBS(0, 6, 7)
OBS(0, 6, 4)
OBS(0, 1, 2)
OBS(0, 3, 2)
OBS(1, 3, 5)
OBS(0, 0, 3)
OBS(0, 2, 3)
OBS(0, 4, 3)
OBS(0, 5, 8)
OBS(0, 6, 3)
OBS(0, 7, 2)
OBS(0, 4, 9)
OBS(1, 5, 5)
OBS(0, 1, 1)
OBS(1, 7, 5)
OBS(0, 3, 1)
OBS(0, 9, 2)
net1 (0, 0, 0) (0, 1, 0) (0, 2, 0) (0, 3, 0) (0, 4, 0) (0, 5, 0) (1, 5, 0) (1, 5, 1) (1, 5, 2) (1, 5, 3) (1, 5, 4) (0, 5, 4) (0, 5, 5) (0, 5, 6) (1, 5, 6) (1, 5, 7) (1, 5, 8) (1, 5, 9) (1, 6, 9) (1, 7, 9) (1, 8, 9) (1, 9, 9) (0, 9, 9) 

Summary:
Total cost of routing: 68
Total wire length: 22
Longest route length: 22
Total vias used: 4
