50, 50, 6, 25
OBS (0, 20, 20)
OBS (1, 20, 20)
OBS (2, 20, 20)
OBS (0, 10, 10)
OBS (1, 10, 10)
OBS (2, 10, 10)
net1 (0, 0, 0) (1, 5, 5) (2, 10, 10) (1, 15, 15) (0, 25, 25)
net2 (0, 2, 2) (1, 6, 6) (2, 12, 12) (0, 18, 18) (1, 22, 22)
net3 (1, 3, 3) (2, 7, 7) (0, 11, 11) (1, 16, 16) (0, 21, 21)
net4 (0, 4, 4) (1, 8, 8) (2, 13, 13) (0, 17, 17) (2, 22, 22)
net5 (1, 5, 5) (2, 9, 9) (0, 14, 14) (1, 19, 19) (2, 24, 24)
net6 (0, 6, 6) (1, 10, 10) (2, 15, 15) (0, 20, 20) (1, 25, 25)
net7 (2, 0, 0) (0, 7, 7) (1, 12, 12) (2, 18, 18) (0, 22, 22)
net8 (1, 1, 1) (2, 6, 6) (0, 13, 13) (1, 18, 18) (2, 23, 23)
net9 (0, 2, 2) (1, 7, 7) (2, 14, 14) (0, 19, 19) (1, 24, 24)
net10 (2, 3, 3) (0, 9, 9) (1, 14, 14) (2, 20, 20) (0, 26, 26)
net11 (1, 4, 4) (2, 8, 8) (0, 15, 15) (1, 21, 21) (2, 27, 27)
net12 (2, 5, 5) (0, 11, 11) (1, 17, 17) (2, 23, 23) (0, 28, 28)
net13 (0, 6, 6) (1, 11, 11) (2, 16, 16) (0, 22, 22) (1, 27, 27)
net14 (1, 0, 0) (0, 8, 8) (2, 13, 13) (1, 18, 18) (0, 23, 23)
net15 (2, 1, 1) (0, 9, 9) (1, 14, 14) (0, 19, 19) (2, 25, 25